$ANSIBLE_VAULT;1.1;AES256
38663762366232323738613736653465663963363565313331353761626537363936626231346435
6566323966396438303564656663383765333463323639310a653034613061343634396230366232
36633936656365303365383532326466663536353535643839316532663836383661323362636232
3032663330333665340a666637343932653037373933306264353266373663636639343833633733
38303935323237353461613366353862323233623233383530653064366636363937326636623231
37666262653634666462376531663437656637393931303965313737353239336334376139396236
38333264313263366433333631353733343437393832656533336538613463636635313965326663
64373336303032643364336336313565373963663463623734666264333330313739383366383737
35373265626565363434313066343239333639366231383132373063356133396233616165336131
37643837383837333165353833323839646535376339316639346134336435633231376439313535
393736663239383931393263646138373930
